%YAML:1.0
R: !!opencv-matrix
   rows: 3
   cols: 3
   dt: d
   data: [ 9.9997154349340667e-01, 4.8207258103552001e-03,
       5.8028274207816760e-03, -4.8862816890287925e-03,
       9.9992380029162131e-01, 1.1336571863546583e-02,
       -5.7477347424409247e-03, -1.1364603513685347e-02,
       9.9991890137766037e-01 ]
T: !!opencv-matrix
   rows: 3
   cols: 1
   dt: d
   data: [ -3.3427005392722804e+00, 4.6825258457744941e-02,
       3.6559704904963321e-03 ]
R1: !!opencv-matrix
   rows: 3
   cols: 3
   dt: d
   data: [ 9.9994757489581543e-01, -9.1730838366087843e-03,
       4.5499442748660650e-03, 9.1470267160071034e-03,
       9.9994183345067478e-01, 5.7150343445840444e-03,
       -4.6021041094799426e-03, -5.6731162714745657e-03,
       9.9997331783879917e-01 ]
R2: !!opencv-matrix
   rows: 3
   cols: 3
   dt: d
   data: [ 9.9990130150044687e-01, -1.4006829605252119e-02,
       -1.0936096753955313e-03, 1.4000375186957631e-02,
       9.9988573212296861e-01, -5.7019462939917852e-03,
       1.1733509010978633e-03, 5.6860725746844107e-03,
       9.9998314577113667e-01 ]
P1: !!opencv-matrix
   rows: 3
   cols: 4
   dt: d
   data: [ 4.3966129103533723e+02, 0., 3.1935494613647461e+02, 0., 0.,
       4.3966129103533723e+02, 2.3946081352233887e+02, 0., 0., 0., 1.,
       0. ]
P2: !!opencv-matrix
   rows: 3
   cols: 4
   dt: d
   data: [ 4.3966129103533723e+02, 0., 3.1935494613647461e+02,
       -1.4698011018043587e+03, 0., 4.3966129103533723e+02,
       2.3946081352233887e+02, 0., 0., 0., 1., 0. ]
Q: !!opencv-matrix
   rows: 4
   cols: 4
   dt: d
   data: [ 1., 0., 0., -3.1935494613647461e+02, 0., 1., 0.,
       -2.3946081352233887e+02, 0., 0., 0., 4.3966129103533723e+02, 0.,
       0., 2.9912978735394857e-01, 0. ]
