%YAML:1.0
R: !!opencv-matrix
   rows: 3
   cols: 3
   dt: d
   data: [ 9.9998392504105982e-01, 5.6699819519070611e-03,
       3.1050622387257518e-05, -5.6699830683344370e-03,
       9.9998392486930654e-01, 3.5985857359763949e-05,
       -3.0846084082690920e-05, -3.6161335391781325e-05,
       9.9999999887043844e-01 ]
T: !!opencv-matrix
   rows: 3
   cols: 1
   dt: d
   data: [ -1.0866183212697447e+02, 1.7057839624891468e+01,
       3.9772020324765546e-02 ]
R1: !!opencv-matrix
   rows: 3
   cols: 3
   dt: d
   data: [ 9.8876501629046243e-01, -1.4947785565722999e-01,
       -3.3649403847876071e-04, 1.4947786193097090e-01,
       9.8876507257760360e-01, -6.5689890604000670e-06,
       3.3369547077696787e-04, -4.3803222849005214e-05,
       9.9999994336430365e-01 ]
R2: !!opencv-matrix
   rows: 3
   cols: 3
   dt: d
   data: [ 9.8790157474128570e-01, -1.5508174579113654e-01,
       -3.6158824805720003e-04, 1.5508173899271499e-01,
       9.8790164086720389e-01, -4.6934861163885449e-05,
       3.6449236378176611e-04, -9.7087110539742684e-06,
       9.9999993352552663e-01 ]
P1: !!opencv-matrix
   rows: 3
   cols: 4
   dt: d
   data: [ -2.7212522561042653e+06, 0., 9.3452154635473562e+01, 0., 0.,
       -2.7212522561042653e+06, -1.8199685084479313e+01, 0., 0., 0., 1.,
       0. ]
P2: !!opencv-matrix
   rows: 3
   cols: 4
   dt: d
   data: [ -2.7212522561042653e+06, 0., 9.3452154635473562e+01,
       2.9931752655155951e+08, 0., -2.7212522561042653e+06,
       -1.8199685084479313e+01, 0., 0., 0., 1., 0. ]
Q: !!opencv-matrix
   rows: 4
   cols: 4
   dt: d
   data: [ 1., 0., 0., -9.3452154635473562e+01, 0., 1., 0.,
       1.8199685084479313e+01, 0., 0., 0., -2.7212522561042653e+06, 0.,
       0., 9.0915232644604629e-03, 0. ]
F: !!opencv-matrix
   rows: 3
   cols: 3
   dt: d
   data: [ 6.7717240683084379e-02, 9.0965560652197173e+00,
       -3.8419024056175485e+03, -8.2027103954472427e+00,
       8.3421071901460575e-01, -2.4473685015203668e+04,
       3.7030755956460107e+03, 2.4495074866175855e+04, 1. ]
