<?xml version="1.0"?>
<opencv_storage>
<calibration_time>"sáb 17 dic 2016 13:53:59 COT"</calibration_time>
<nr_of_frames>20</nr_of_frames>
<image_width>640</image_width>
<image_height>480</image_height>
<board_width>7</board_width>
<board_height>5</board_height>
<square_size>50.</square_size>
<fix_aspect_ratio>1.</fix_aspect_ratio>
<!-- flags: +fix_aspectRatio +fix_principal_point +zero_tangent_dist -->
<flags>6158</flags>
<fisheye_model>0</fisheye_model>
<camera_matrix type_id="opencv-matrix">
  <rows>3</rows>
  <cols>3</cols>
  <dt>d</dt>
  <data>
    8.4267580735371996e+02 0. 3.1950000000000000e+02 0.
    8.4267580735371996e+02 2.3950000000000000e+02 0. 0. 1.</data></camera_matrix>
<distortion_coefficients type_id="opencv-matrix">
  <rows>5</rows>
  <cols>1</cols>
  <dt>d</dt>
  <data>
    2.7338890209976352e-01 -9.0814490690842380e+00 0. 0.
    6.6300648710134581e+01</data></distortion_coefficients>
<avg_reprojection_error>4.3529848327705012e-01</avg_reprojection_error>
<per_view_reprojection_errors type_id="opencv-matrix">
  <rows>20</rows>
  <cols>1</cols>
  <dt>f</dt>
  <data>
    4.43299472e-01 4.15068179e-01 4.74299163e-01 4.45071161e-01
    4.53752458e-01 4.51878309e-01 4.51878309e-01 4.16069120e-01
    4.37681317e-01 4.45745736e-01 4.13623810e-01 4.26032782e-01
    4.39032227e-01 4.38946426e-01 4.33515400e-01 4.15945530e-01
    4.08856630e-01 4.21258539e-01 4.31391537e-01 4.36491787e-01</data></per_view_reprojection_errors>
<extrinsic_parameters type_id="opencv-matrix">
  <rows>20</rows>
  <cols>6</cols>
  <dt>d</dt>
  <data>
    4.8876786929886500e-02 -5.6526042618484179e-02
    -5.8918585636465451e-03 -8.3329619605087970e+01
    -8.6163473008960096e+01 7.9080933245302617e+02
    8.3993998698211753e-02 -7.0952254311815090e-03
    3.7323736950552688e-02 -7.3735388142974188e+01
    -9.6059369667999192e+01 8.1319027579527085e+02
    8.7348357458794337e-02 -2.7024343748615887e-02
    -4.8245937351029449e-04 -7.5327448976288224e+01
    -8.4084975219963084e+01 8.0466628222806139e+02
    8.6939866153515691e-02 -2.5377045898634897e-02
    -2.4911602736383986e-02 -8.2731391592533285e+01
    -7.6022713919441259e+01 8.0856625583231869e+02
    8.3204924914187475e-02 -2.5516395658989031e-02
    -2.3420843520805982e-02 -8.2193688439753672e+01
    -7.6849418884439856e+01 8.1052740878716190e+02
    7.8798481141102703e-02 -2.5000661420559737e-02
    -1.8766351408796358e-02 -8.1144041214102117e+01
    -7.8475335012687637e+01 8.1297505182451437e+02
    7.8798481141102619e-02 -2.5000661420559706e-02
    -1.8766351408796351e-02 -8.1144041214102117e+01
    -7.8475335012687637e+01 8.1297505182451437e+02
    7.8557432930861412e-02 -2.7962424233309083e-02
    -1.8564052470746020e-02 -8.1077097737645929e+01
    -7.8239455150385282e+01 8.1252720977132640e+02
    7.7210597141894086e-02 -2.8069018706843720e-02
    -1.7159053124775756e-02 -8.0661394251134894e+01
    -7.9007715610547237e+01 8.1307775076023131e+02
    7.9130363810384241e-02 -2.6315533832818060e-02
    -1.6592673289872271e-02 -8.0392726122340875e+01
    -7.9349640948335647e+01 8.1384214576762861e+02
    7.5101244973660886e-02 -2.6561088071599660e-02
    -1.5636913307495951e-02 -8.0584068317253085e+01
    -8.0040866500229157e+01 8.1533018941901901e+02
    7.5574379131260527e-02 -2.5567563708553235e-02
    -1.5331629354669996e-02 -8.0732872424013607e+01
    -7.9763367666121439e+01 8.1559116722253998e+02
    7.5189037007428280e-02 -2.0936476231033060e-02
    -1.3598187523383780e-02 -7.9319335517994418e+01
    -8.0493775324832640e+01 8.1645214796211508e+02
    7.5362877699423111e-02 -1.8576598269081861e-02
    -1.1307222929301428e-02 -7.7319070567880303e+01
    -8.0994135135667022e+01 8.1650960746730448e+02
    7.3451851532187834e-02 -1.6897540895935665e-02
    -4.2604520520538635e-03 -7.3682257524621491e+01
    -8.3805066335706442e+01 8.1750018223823349e+02
    7.3096346507124432e-02 -1.3918880202762496e-02
    1.6076705295438103e-03 -6.5925100729063772e+01
    -8.6655883992247297e+01 8.2155510907994471e+02
    7.1862025168403953e-02 -1.4141623011647682e-02
    6.5619603729249300e-03 -6.2617849644571386e+01
    -8.7859440993118639e+01 8.2306107188101839e+02
    7.3752987967500877e-02 -1.5096204921244964e-02
    1.0851075196580543e-02 -5.8377935369259625e+01
    -8.9572260572750281e+01 8.2603559683612923e+02
    7.1926962722903331e-02 -1.6516238036988411e-02
    1.2062109089483563e-02 -5.7206188031218915e+01
    -9.0226206792226549e+01 8.2800229471745536e+02
    6.7509274258188881e-02 -1.7489162779023709e-02
    1.1694455316470457e-02 -5.6794151209281530e+01
    -9.0130989085782161e+01 8.2996054265788837e+02</data></extrinsic_parameters>
